NAME : Egito9n
TYPE : CaRS
COMMENT : Instances for the CaRS Problem (Asconavieta & Goldbarg)
DIMENSION : 9
CARS_NUMBER : 4
EDGE_WEIGHT_TYPE : EXPLICIT
EDGE_WEIGHT_FORMAT : FULL_MATRIX
EDGE_WEIGHT_SECTION
0
   0 308 328  74 313 260  53 305 281
 308   0 442 189 420 375 140 384 389
 328 442   0 156 418 363 157 400 407
  74 189 156   0 318 259  57 307 289
 313 420 418 318   0 368 162 406 392
 260 375 363 259 368   0 146 368 367
  53 140 157  57 162 146   0 302 280
 305 384 400 307 406 368 302   0 388
 281 389 407 289 392 367 280 388   0
1
   0 457 174 173 445 359 169 467 348
 457   0 184 174 475 358 159 479 378
 174 184   0  58 370 260  48 350 270
 173 174  58   0 357 250  39 340 259
 445 475 370 357   0 353 189 453 385
 359 358 260 250 353   0 115 406 350
 169 159  48  39 189 115   0 336 260
 467 479 350 340 453 406 336   0 356
 348 378 270 259 385 350 260 356   0
RETURN_RATE_SECTION
0
   0  52 103  61  51  73  98  73  64
  47   0 104  72  55  82 110  74  65
  53  80   0  99  93 107 119  92 101
  53  62 104   0  59  81 105  77  75
  37  60 113  61   0  77 108  80  68
  49  59 126  80  61   0 127  92  71
  54  77 139  97  67 116   0  93 111
  56  63 126  68  65  80 120   0  86
  52  67 107  77  69  88 108  85   0
1
   0  87  85  66 108 118  43  94  56
  84   0  76  64 125 117  47  99  69
  76  83   0  75 106 110  61 112  59
  71  76  80   0 113 111  44  99  43
  79 105  95  93   0 129  59 126  66
 105 108  89  93 118   0  59 117  78
  58  76  66  55 100 100   0  88  44
  97  94  87  81 131 124  75   0  54
  62  76  73  58  98 103  45  88   0